
Just 9600 BaudRate

[02][04][00][00][00][01][31][F9]     //No de Herramienta Input Register = 0   


[02][05][00][00][FF][00][8C][09]	Activar ATC



[02][06][00][00][00][01][48][39]	//Holding Tool No 1
[02][06][00][00][00][02][08][38]	//2
[02][06][00][00][00][03][C9][F8]	//3
[02][06][00][00][00][04][88][3A]	//4
[02][06][00][00][00][05][49][FA]	//5
[02][06][00][00][00][06][09][FB]	//6
[02][06][00][00][00][07][C8][3B]	//7
[02][06][00][00][00][08][88][3F]	//8
[02][06][00][00][00][09][49][FF]	//9
[02][06][00][00][00][0A][09][FE]	//10



[02][10][00][00][00][02][04][00][01][00][AA][2D][54]	//1
[02][10][00][00][00][02][04][00][02][00][AA][DD][54]	//2
[02][10][00][00][00][02][04][00][03][00][AA][8C][94]	//3

[02][10][00][00][00][02][04][00][0A][00][AA][5C][96]	//10
 

[02][10][00][00][00][02][04][00][05][00][AA][6C][95]






















